%YAML:1.0
---
camera_matrix: !!opencv-matrix
   rows: 3
   cols: 3
   dt: d
   data: [ 1.7952148178197922e+03, 0., 7.4031181316152811e+02, 0.,
       1.7969011901343094e+03, 6.3356326250756865e+02, 0., 0., 1. ]
distortion_coefficients: !!opencv-matrix
   rows: 1
   cols: 5
   dt: d
   data: [ -1.1440890489372432e-01, 3.8571576138226604e-01,
       4.9891021197301395e-03, 1.5405558301946453e-03,
       -8.4322915533318754e-01 ]
