%YAML:1.0
---
camera_matrix: !!opencv-matrix
   rows: 3
   cols: 3
   dt: d
   data: [ 1.7933123754126846e+03, 0., 7.3793995979910130e+02, 0.,
       1.7889949803720056e+03, 6.4911585525629266e+02, 0., 0., 1. ]
distortion_coefficients: !!opencv-matrix
   rows: 1
   cols: 5
   dt: d
   data: [ -8.0455311785129310e-02, -5.7458541631885181e-03,
       7.5294799095987084e-03, 2.2559992954184435e-03,
       1.9915279738975644e-01 ]
