%YAML:1.0
---
camera_matrix: !!opencv-matrix
   rows: 3
   cols: 3
   dt: d
   data: [ 1.7821074358654739e+03, 0., 5.3397851506523114e+02, 0.,
       1.7801257694828660e+03, 6.3273092396837649e+02, 0., 0., 1. ]
distortion_coefficients: !!opencv-matrix
   rows: 1
   cols: 5
   dt: d
   data: [ -7.1540516768139592e-02, 3.0518334816669583e-04,
       5.8517828498601118e-03, -4.1528033324644440e-03,
       5.1136483718189174e-01 ]
