%YAML:1.0
---
camera_matrix: !!opencv-matrix
   rows: 3
   cols: 3
   dt: d
   data: [ 1.7849836499646080e+03, 0., 5.7802784696850279e+02, 0.,
       1.7858427808253668e+03, 6.2337119408478691e+02, 0., 0., 1. ]
distortion_coefficients: !!opencv-matrix
   rows: 1
   cols: 5
   dt: d
   data: [ -7.0870737583630869e-02, -8.9519541088727922e-02,
       3.1483248263287698e-03, 4.1903600771812637e-03,
       9.6867431400993453e-01 ]
